5242
3295
8861
12244
4588
7322
6370
13924
11223
10793
3780
9489
475
2193
8305
11420
6561
6992
9467
8356
12611
3128
10092
10513
9394
14728
10011
10545
4825
14454
12344
6802
7199
13030
11165
8303
731
964
3963
15009
11567
9042
2402
13852
12607
13660
11878
10121
2497
11818
5116
5895
12387
1437
7971
9873
10705
14492
13018
1240
3366
8584
2280
2603
3143
9208
9517
12965
6388
11217
1914
212
1851
4336
7417
14058
5403
5536
8310
12084
1938
14391
14334
11600
537
3153
6680
10030
9131
9635
12298
12343
12852
10419
14805
6808
1635
1055
9780
12357
2905
5490
7430
1350
5969
5775
3992
426
7922
5789
12712
12632
12886
685
1951
8119
1952
12342
13102
7308
7893
574
1942
5635
8017
4048
4502
2816
12553
10549
11330
13520
10767
12643
1359
8813
5881
6116
9667
10402
4774
6141
8968
503
2965
6230
11151
10873
5114
4928
13681
1721
7891
4716
10097
7210
5800
2750
10813
9355
5550
1105
2908
14434
13226
7506
6949
11828
11569
12030
827
11271
2541
8150
1813
6191
4367
7087
1010
9923
14402
13370
2484
14104
3718
4332
15139
3181
8225
4521
7429
218
8135
11373
12778
7772
13842
5395
7902
6965
3347
7094
12805
4920
12388
13150
9911
14865
7282
8623
15131
1702
5004
10822
10306
6573
5994
14459
9035
1144
1774
13194
7748
14280
10825
10778
14544
1480
14726
6345
12735
6382
5338
3193
14177
13250
12062
8852
7643
7659
9005
7032
2446
6488
2924
10464
12052
1921
8495
5664
2621
6579
7820
5547
2197
9246
2846
9795
5241
3713
9521
7814
1499
14114
13576
6086
13558
8021
13771
1508
2707
11445
5254
9753
6714
13940
10655
5983
9981
538
14826
11735
8076
3895
10656
5960
2067
6366
11924
595
10933
5851
9045
5228
11966
3931
5939
10557
11224
5328
498
486
4174
11865
15171
5866
4985
3832
12376
13089
11501
12510
12791
7651
3147
11925
11665
12931
710
13189
9791
11270
8583
519
12919
1042
1642
13122
6341
3757
5207
6120
5682
2029
6752
6070
10396
793
8249
5056
9027
9234
3418
6448
1883
506
9136
3111
6290
378
5072
15201
4086
14466
14307
8489
2881
9649
1624
627
13197
4073
5752
10758
4281
14078
6707
2948
12760
10218
5157
6615
9847
14414
1335
3378
2977
6898
13183
9966
14672
7326
2798
4616
4223
12337
3356
10828
2453
13848
3459
12463
14654
4436
11476
9944
12279
7455
13642
11596
12428
868
9424
6694
4702
11910
1009
3004
14230
4828
9630
10041
3492
9819
5474
3648
7091
8377
3294
9803
13287
11712
1640
13468
1792
1972
3218
5147
10634
4506
2022
5227
1687
7911
13625
15090
10752
2142
14455
10704
12286
5289
3156
13342
8762
7825
9225
4720
6574
8328
263
11587
13900
4160
5665
5704
10682
12406
293
12491
13120
11716
1084
13431
4647
11999
13759
2418
10394
14632
9126
10127
11784
10892
7002
6886
8444
5472
1412
4522
4794
9832
2563
2213
11826
10210
12060
13620
8120
4125
2800
12117
1668
654
12511
10360
3758
928
14794
13574
7856
7200
478
13496
11060
1391
3732
7348
9212
3332
13035
7526
3038
6190
11621
3995
8559
117
6902
10426
10417
3735
1599
5397
9445
1314
7426
1741
13577
12589
10222
12941
7214
11588
15079
1217
14978
11287
10246
4076
3631
4491
3341
10159
1303
2928
9330
12214
6781
6580
14676
11261
14457
327
11236
7295
15014
9777
14363
14006
9796
3471
393
10877
3932
10856
2490
866
10388
14225
9411
5249
7369
3810
6311
5690
13493
7187
9982
10401
14424
8697
5460
8400
9377
11729
2703
9607
14113
12168
8957
641
13755
2315
11197
4490
2299
15130
432
13131
10271
4084
6470
584
12126
1572
912
2259
6044
1882
8736
14661
2020
13447
5213
1892
11604
14421
11835
13301
2930
8355
5111
4680
14369
8769
1049
11695
9531
8805
8636
14585
14653
9917
8883
13682
3764
6455
8611
11664
14748
9549
13321
6757
3583
6945
15092
2585
2473
8632
13983
5264
3533
7677
3545
10967
11432
5413
6599
7674
14186
11651
2805
5437
1537
10604
10473
7852
6137
10861
3179
12205
195
13950
9502
1538
4934
9845
13138
6289
10213
10929
239
4300
8322
2393
12197
1433
1692
3268
9231
497
9920
836
2170
7126
7278
7859
6801
1115
4440
13392
1876
12223
179
1349
13216
7990
1690
12685
5885
2365
312
182
10221
12792
13414
8140
2314
7427
14277
10493
8606
6646
4981
2963
11329
3201
9855
11803
5222
7678
4017
13244
5936
1729
7805
505
878
3692
4505
5291
3705
14750
15027
11893
13313
3948
1526
11997
5488
8809
8981
13210
3170
5030
14323
1346
9210
1484
10890
6990
1511
889
8442
10372
3982
11755
3395
9916
13949
2392
6076
4382
10055
14107
5901
8789
3041
3564
1878
4272
10610
4530
15035
2679
4206
12999
10977
13895
13103
10571
12571
7055
11389
7733
34
1873
14491
10137
7868
12957
10532
887
10809
13489
12354
11145
4365
11848
881
8480
6433
1089
14525
4624
2931
3694
5059
6643
882
4845
11090
1282
11787
7038
14468
5044
5585
10109
11360
11110
12591
3509
13912
2486
1463
194
6003
7044
893
5012
9605
13403
14056
2524
7485
3792
12846
12492
9454
10043
4751
7225
12065
533
180
8456
5484
700
9773
7833
14701
273
8596
8044
6907
13223
4788
11733
5605
11347
11404
13804
12048
8327
9782
3064
11816
9710
10217
280
9020
14798
13411
4023
12816
2185
11258
5683
11086
10601
676
4114
13811
9447
11034
13297
5320
7480
10009
14574
3907
1048
13567
9987
12363
244
6426
4142
8556
15056
4836
4879
3194
12828
4626
2695
9685
7896
13436
9544
2864
11305
12063
14944
3086
11736
3100
12955
2086
3080
4922
7405
2702
7634
6324
1136
13534
13283
9587
14842
9169
14542
418
6143
9095
4784
5154
12896
11790
9615
4218
4066
2532
6307
13205
12827
14825
12350
9207
5469
15149
5478
5799
6957
9407
12189
15038
8841
125
11819
6283
9269
3235
9668
10866
7519
8341
5475
4263
5793
14527
9704
7085
7534
9325
11507
11741
501
14300
10572
12780
11783
15060
2270
8521
11962
7882
9261
14819
5600
3297
5119
12937
1161
12593
4273
5377
2240
13474
6525
4642
11130
12630
5090
8767
6953
10717
3285
7160
2030
5135
10190
14420
107
5820
3881
13081
6805
4266
7821
4334
12753
11709
12783
6951
3238
13508
13011
8998
13552
10983
10562
13744
5981
13750
8367
9891
13676
3191
6563
14396
1607
11700
1902
13843
5179
11488
7687
14148
5771
3283
11794
5192
2492
7327
9299
7151
4782
13144
14611
1210
2894
5773
5057
628
1208
2773
10194
10669
440
1872
15028
6094
7446
10421
1981
14772
2381
2896
3511
13329
6419
9224
13757
14691
6033
12043
14935
6238
4118
2849
7340
6733
690
5306
11126
6063
1579
14951
10435
8299
838
14406
5194
3211
13902
3185
1211
14707
8199
10465
2131
7935
8933
12049
14885
5798
11810
9763
9292
4335
13504
4039
3327
13010
9422
7124
12950
2252
4605
1532
9801
11707
6274
13495
8197
3898
5910
1197
6008
11744
6818
2594
7296
5307
7041
4838
416
4247
5036
6124
6129
6785
4082
8702
2250
14397
8944
1462
14206
8879
6728
10424
14011
459
11077
4305
3324
713
2433
1498
14213
9902
6062
12217
13014
5347
14942
11740
14912
4632
15163
3454
1552
12041
12253
14986
2118
9634
13717
8588
9954
8476
7452
3635
3131
6074
13590
4778
8615
1385
4639
6879
11419
8145
7459
8360
1162
4137
13271
7695
3369
12141
12332
8073
8144
5807
13319
11607
8791
5336
5887
14146
1739
4347
8674
10982
2687
12138
5661
6482
10160
8417
5218
13877
12474
73
6771
14037
12799
8905
3689
11883
11623
8429
10730
10422
13665
14383
6638
12403
976
290
9858
934
14795
11812
6028
15157
11575
12707
4584
13585
5425
4761
2203
982
2776
7443
6831
13225
9912
14312
7063
7374
9740
10759
10206
12358
1846
5244
12742
8959
4815
5576
11609
10000
14014
4986
7796
2792
3818
2018
6491
1321
10140
5670
3829
9004
7342
12144
2508
11613
13726
12248
9466
7096
2149
7289
11932
29
6713
1850
1312
2685
8757
5526
5617
11732
12717
8486
4548
12360
1058
5990
12547
7473
8563
14067
5294
6642
4979
6431
6600
1982
13683
4406
2417
87
7918
2994
10227
11029
10407
9771
12824
3506
8276
11481
7235
3716
12495
1098
6789
8285
8471
2412
5333
4117
5624
15173
7233
9835
4071
744
3529
4954
11412
12037
12811
9206
9687
14900
6906
11743
1281
15043
13613
3265
5245
5263
14538
20
8474
2175
10118
12637
3512
4492
13687
673
10432
6212
11220
13770
14285
14045
9492
7370
8102
4180
6065
11041
14627
11829
7776
10
7900
10135
4431
7418
13262
8927
6937
12147
604
10814
10033
3190
9477
6360
1612
3414
8542
2167
14909
8960
13322
4596
10570
7286
1446
14550
738
775
9870
8913
4857
7749
12058
5649
230
6872
6378
12526
5959
3886
9930
13241
756
11265
10145
13921
9019
1269
8203
7561
10968
8700
3663
10525
8564
13906
2450
6298
7436
2983
1046
11243
9857
1899
2262
10956
4045
6446
2741
10017
15209
10346
4581
10659
10808
13296
49
3717
5868
12872
14077
12743
14613
12963
7305
2945
14945
13174
7339
5937
342
12796
10546
9358
1963
10623
1887
727
5886
3212
808
14332
7084
7494
4221
15116
13543
6109
11553
4623
8375
4980
8337
1738
3089
4216
3556
8085
7668
5453
14681
12382
14208
13242
14696
4067
2762
8990
10711
9191
9696
2601
7280
10016
9514
9122
6912
670
7098
11264
13080
11001
11769
7787
12377
770
11205
3769
1984
11846
14664
226
9031
8666
5872
5005
9694
13071
304
308
6234
2526
10429
12001
7224
11239
4809
2325
1194
15132
874
2893
7819
12038
11579
4348
6851
2509
13990
10406
4122
14086
4696
2666
14392
6626
2207
11146
2651
7593
14582
13548
2092
9222
12627
7415
10653
3897
5065
12516
1835
14253
5777
1145
8250
12092
1362
7128
13248
14339
8220
865
13132
13147
2221
10302
7244
11683
3074
6104
11132
3106
3830
2710
11833
13492
8094
4603
264
7944
5260
9438
11911
2827
1468
318
4459
13737
8040
4068
362
8437
6402
11842
8288
10050
11325
13298
13927
14539
1752
9219
13936
2684
12407
9820
7584
5262
1860
9958
11279
12019
4629
10643
13130
13353
9066
3473
9134
2269
6754
12374
3256
997
8770
4026
6761
7932
15055
9967
14240
3527
2712
2567
9932
4345
4804
8469
3586
1114
3683
2964
12825
9047
4706
2610
8297
3051
5020
9883
2214
3742
6517
12318
1836
12664
3487
9901
14660
8693
985
3245
13691
12570
8041
9619
8501
4157
4743
1232
6287
14869
4081
14815
1634
7083
4057
1456
2034
9690
7905
1931
7411
13734
818
203
5647
9203
10897
10626
2184
11950
11960
6084
9546
4935
3010
14791
11805
10914
9725
13709
7498
7707
7597
14386
13586
6894
11500
1297
10316
2180
3752
7202
14311
8289
8842
11064
2011
2566
1614
1440
3794
8007
2519
9402
12620
7908
15089
4661
10949
3627
2856
13752
3729
9988
11073
1679
4797
4759
5874
7874
6522
387
7036
11761
4768
13421
12654
7909
5621
2725
6880
13887
4821
785
14024
4018
7246
5091
1798
3569
2042
13834
10026
12577
6931
369
4229
6843
12797
7505
542
12905
718
8401
6180
766
11414
14982
4445
12653
9441
2814
13306
5522
6246
3959
3571
4894
9577
4172
4199
3544
12998
1964
1158
1967
15182
8230
10805
13355
6589
7434
12238
5736
11482
5879
14017
3644
10770
13490
9731
8647
4890
608
12262
6397
2423
5766
8953
6278
4061
11358
12808
1479
8857
8091
8241
4228
5400
8670
4461
12159
7577
15107
4403
6140
8108
10609
6725
9866
9356
2236
10358
14955
1785
1490
9648
3885
10089
3431
13899
7344
4572
2971
5452
2476
6881
6493
14779
9058
6447
9509
93
13479
13053
8502
11838
2799
3913
7942
8382
5735
5184
7841
4698
7587
14094
13333
4681
10113
3680
7729
3453
10965
12132
10991
7492
11227
12251
10229
6619
14149
2511
12543
2851
9623
13202
333
7549
2619
1980
10324
10378
3231
2697
4589
13041
14852
9184
3685
4662
9397
14811
5542
4037
6889
12499
14317
9805
11774
10053
2915
3741
11381
5433
7657
4004
5296
6179
9596
7740
13038
15083
1254
13821
12835
4518
13260
10104
7847
6328
10477
12194
9995
5288
10928
14947
13999
9312
12471
14683
651
8405
3115
370
5037
3062
147
4430
9742
10836
1728
783
9465
3078
14226
2576
10883
8877
1862
7589
14310
13638
1865
6115
5375
7260
6162
13987
3628
14447
12709
14920
1257
4274
6235
10859
3640
8232
14891
5029
791
7059
1079
14735
14586
493
5125
8988
6338
2598
572
6498
13118
11578
8820
11662
9183
1489
233
2400
6586
2257
10558
7277
6850
3851
7742
9107
653
3597
5357
9063
2574
4594
492
2543
14427
5588
10010
6968
385
3682
1807
12678
4752
12493
9580
8512
11193
13308
7917
14350
3449
12315
2039
5695
8015
8616
1626
14783
5836
124
5133
8183
12453
1568
7493
9831
12948
10239
10032
9229
15093
13364
2244
9452
13637
9897
5958
3860
3229
11289
8219
3216
3475
13652
1154
13975
6158
6731
3561
8068
2489
13361
14243
4867
5335
6225
1769
14087
13472
9833
4620
14513
10405
14371
8176
4021
11
11020
7966
9327
11251
11254
11025
13617
8915
10616
2813
7753
894
9291
5432
6769
6168
12365
4568
652
2780
10255
9973
9268
15187
15012
11576
14209
13057
4407
3999
3437
5220
3242
11763
8243
5148
6039
13985
6908
7600
9178
4540
11584
4457
13478
734
12215
12649
8726
14234
3975
12723
75
10561
14858
6387
6159
921
9153
14655
12668
9101
3226
11983
13839
1429
9571
1221
1711
14587
8931
7490
4560
11344
544
6027
4783
13031
12940
2853
3315
10070
9764
1019
9733
12814
9924
2583
563
9863
7399
1999
14874
6196
2661
14984
10691
3200
942
13774
9813
13830
2370
14646
14322
11963
11565
9505
7895
12750
3602
5875
6134
15011
10972
14178
7795
11955
772
12942
5105
14747
11779
8277
7398
183
5862
4790
8309
6038
3869
8125
2464
3655
14496
1619
10926
12748
3452
14256
13000
4893
622
14092
12733
6543
1789
11640
4643
5860
13930
4150
14283
2942
5517
9165
2105
5099
1722
3219
15098
14700
6037
417
7649
4465
3182
5104
10414
11238
11134
13971
7093
2260
523
9245
4967
5024
11051
14824
11415
13527
13616
5931
11093
6689
12869
2765
717
14511
2247
13037
3831
9758
929
12366
12345
7029
905
5719
9825
9961
8266
1888
9420
5923
9054
11747
3158
4383
3354
7241
8607
891
1432
14629
4187
13767
12887
14159
13509
7615
13952
11291
3590
12108
1845
1828
6955
5168
2794
11591
1871
4020
3167
12485
2659
3618
709
784
8255
11540
11858
13609
10433
9124
8184
2012
8865
7229
12897
5715
6693
2357
11235
3669
4813
4516
7644
14029
3247
11688
13934
71
11283
1280
1941
3693
8453
1375
5394
8263
6288
9189
2539
1639
9946
10431
1653
12290
3684
7848
3234
13441
6438
12292
3060
3043
12225
15091
108
8963
4823
5477
13695
10961
1688
2580
3002
4338
5010
4991
11994
10215
6177
1025
10820
13519
11229
4829
10574
1947
12839
6655
7419
14130
10488
5134
7323
11013
7667
7115
650
3688
3165
10167
6928
7008
7409
14229
4719
7119
13266
2631
9890
9888
7715
944
1804
13249
7345
1413
8238
11602
7239
3797
1318
6066
13257
14897
12240
13507
11069
5584
6607
8065
1003
9610
12696
15174
14778
12300
3755
10093
9751
10261
3307
14519
4513
12971
3130
10884
1659
2479
11082
1673
2006
747
645
9088
1247
4294
9839
2646
5822
2475
5892
854
10830
258
1735
10698
9535
8533
2807
2552
12598
8980
11533
13383
11896
12956
3884
14470
12069
11873
4793
295
869
7011
11237
7299
1033
14075
3598
6936
13366
11915
5920
14303
2494
10276
15189
5312
2306
6031
4509
12954
14089
431
4251
7103
9925
12732
9426
1699
14357
159
5675
4575
5620
10383
13926
15015
6335
2129
633
15041
8779
8047
14741
11378
2835
13733
5310
6421
2553
1985
4915
7704
14948
1386
1313
1328
14534
10468
6984
103
11326
7147
6167
14407
13688
11614
9560
1638
253
13362
6391
13710
6917
14411
404
13015
8003
4212
12704
14568
1123
9807
5534
6154
12822
14301
4640
12183
11996
1686
8406
7608
9670
10932
7440
9964
11738
12895
13698
14174
15074
14057
13238
11521
5286
11160
7168
7100
12701
4864
9921
11654
14264
8175
12912
355
701
8900
1306
10120
3672
9028
13994
4550
8731
433
13639
14552
14472
11923
10742
13033
14152
13429
1406
204
8272
1856
14509
743
999
6659
4525
7951
6729
13300
4656
12785
11901
491
12913
7822
14204
3774
14197
3486
4528
5412
9541
5409
11107
12436
888
5348
15064
11410
14880
11328
10697
4551
5146
1917
11010
2078
3246
4757
6197
10288
553
2120
7889
4730
7982
3054
10193
12513
6093
6220
7076
2054
1784
1930
3978
10116
1958
5095
4724
14975
11802
7089
13379
2024
1283
13779
7197
10715
4015
4685
13399
11190
12958
6281
9348
9853
9538
115
7181
11181
8055
3888
12903
6113
3360
11807
7945
12751
177
461
11831
10519
3584
4268
11288
10138
3276
13141
965
7545
5657
10723
12314
11861
567
11580
7154
10879
3005
3415
11308
9340
2058
1810
9017
2916
5634
14640
1264
13866
4876
14485
5893
12130
8886
12180
4288
14441
9808
3407
1249
12462
9931
13961
7793
4128
10529
9659
14354
4810
5208
5951
3244
10151
11642
5579
8851
13345
11934
539
9156
14053
14003
10508
15066
1713
7767
12933
395
11508
10504
7541
1821
6838
3451
6871
8458
13890
11941
164
9157
10286
6859
10992
97
10098
5999
1518
6592
23
8252
13470
10386
7312
3012
14295
10254
10034
10438
13
11956
4973
11489
1133
8039
13028
3610
2439
2181
10801
10565
12480
11676
8891
1475
12844
3497
2718
166
14896
13129
11039
10376
9311
3861
4866
1969
917
8261
7910
12229
5591
7451
11943
6935
11459
6069
753
149
7884
10654
13187
9249
12560
6160
1768
11056
1099
7479
7125
1515
4937
12355
4121
846
323
535
3067
12880
12129
9520
7883
13156
4868
10598
2186
10911
669
7393
14946
13087
3651
4140
10760
1737
14271
13824
6989
487
983
8875
13758
4059
12191
14757
11354
13307
3653
507
2796
8370
6414
8682
11194
374
13460
6883
2892
10139
6375
13666
14374
4257
989
12469
10802
2431
6336
13368
3273
6855
1053
2868
283
3393
5896
7283
3282
7557
5384
13196
9369
11952
5566
11266
2869
10647
858
12094
10596
4090
13195
5361
14820
14405
14742
7607
4408
13778
9213
6956
6458
13715
3353
14688
7086
9193
1458
8475
112
13324
4478
8334
7177
8413
4341
9493
4390
9087
8009
6903
8200
2334
7642
4
15073
2385
13483
2222
2372
2628
13880
14964
4046
10039
3928
8227
6321
1174
9326
11767
1675
4024
973
14668
11891
4168
15111
7800
12569
7939
12122
5372
13818
5859
14787
4356
5636
1944
1198
2858
2833
9609
2717
5706
1842
2613
11168
11400
3842
5790
8531
7738
79
13841
10831
10918
8374
8351
5160
4203
9296
157
14409
10552
10023
15162
2194
3489
618
12590
14460
7153
14375
7528
15110
12552
12375
10903
740
14168
6189
13179
4154
10590
12644
9117
6261
13907
8873
8347
8268
13653
10772
14001
356
13463
8834
5152
496
803
4749
3406
3001
748
4072
13435
14221
10593
12095
3710
8234
1589
12538
4363
3044
5368
4569
4202
11693
499
6864
1684
2530
13372
8528
4477
11627
12127
12348
5984
9332
12151
4259
2419
7189
9723
5965
4143
8653
6737
1906
9906
6266
6759
10180
1024
9889
1542
7564
11617
10081
13817
7245
698
7061
12602
12064
13270
6701
338
5189
453
4077
15143
14647
4458
4875
5666
12349
5767
14952
8189
3138
7466
708
3845
324
4246
4225
10467
14412
14359
5716
7047
10966
3104
1381
13206
6593
12873
13957
14592
4673
3250
963
11694
14051
10631
6919
4539
7317
13083
3806
8948
1988
6358
4298
3905
1900
4415
9140
3034
11304
1299
5709
12271
2243
3879
13215
274
5219
8271
11799
58
4333
4255
11370
10878
2692
5946
8213
8304
7537
13173
12034
5873
14543
778
2757
12578
13742
10163
11571
2879
4909
4038
6961
4729
4344
2586
749
14559
13796
7676
11351
8803
10439
8087
16
7488
11109
4578
1374
12585
11497
1848
4184
9106
4667
5130
3541
10300
4992
6591
2970
9036
10260
2136
511
14475
3222
10275
8439
13901
6494
3728
4625
6578
6356
15190
4399
7318
1660
5274
10162
2293
9856
5122
11815
2504
4087
8335
3019
11780
14042
3951
8035
10807
3894
11290
8056
7174
8709
1625
13462
12890
8369
13879
8481
6323
9226
5768
4310
789
5003
2769
6025
10678
1866
638
14960
6849
6778
6249
4933
6067
11965
10849
6330
3355
6399
10724
11834
2115
6347
8640
14388
14969
13882
8441
13944
6631
442
11066
7138
13234
8123
13610
4527
8212
11762
10274
12310
12121
2544
3815
2764
7565
14991
2028
7432
15071
4959
15036
10195
5586
3793
6609
12755
8206
11791
1102
7122
6163
12935
9400
5261
7826
7127
7527
7959
612
3833
14257
10906
13624
3308
10798
6718
8973
9620
3770
1583
12528
10576
4940
2261
9176
2987
602
6133
7620
9586
1157
8843
10045
2133
3800
14898
3520
14124
3546
11485
13284
12669
9043
9248
7281
9719
5909
2493
13029
7377
9748
9487
15120
5607
7449
2168
14533
9320
7251
12231
10569
1263
14706
4258
11863
8107
10690
2394
14597
12176
4186
8633
254
4389
7297
4283
1929
8662
4373
5834
9829
5968
8707
5521
373
5156
10084
1390
6527
7131
14432
2156
7075
5962
11298
2253
11874
12581
6316
6773
10066
606
15122
7143
6830
10054
11228
7533
7279
12321
7798
12881
13694
8934
8575
3855
4075
2425
543
7130
6292
13438
15057
11859
11268
12167
456
9267
4053
5216
1601
10006
14443
348
10754
11539
10889
1841
9537
13686
9387
13743
10716
289
13171
2200
8536
15080
6941
10637
7875
12947
11116
6296
5915
6962
5720
11212
13454
11854
8282
2445
11888
5086
10624
7284
7622
7679
13486
11135
2097
14260
11659
7447
6047
1160
648
9697
9948
11006
7001
9963
14711
9739
9676
3952
8677
9417
5912
2818
1616
8167
9729
10567
13874
14644
7474
3690
1016
5398
5440
3632
1771
8991
7609
1644
3872
7919
10695
490
2832
313
14065
7949
11702
7558
9188
13970
4942
2437
7701
12603
14035
8226
6147
3779
8565
11434
12657
11724
5196
2979
1956
10728
12756
2256
6997
1305
10630
5613
7501
9709
11335
687
9655
9718
13712
12184
4285
10978
11670
14338
9903
4056
14398
11745
6813
11998
8954
6139
6950
2007
3127
1408
1559
1630
3363
4394
12071
11754
8765
2019
9812
6690
2441
10197
13881
10902
7511
6439
11200
6355
4564
5353
3461
11918
14924
14507
7372
2362
8911
4331
10247
3838
10361
9557
10487
13420
14523
13326
661
2414
4486
2155
3168
10143
566
5559
175
5221
14047
2836
2166
12370
2634
5703
14993
4217
5389
4058
6362
5281
1529
10663
13556
1383
4497
14030
14129
6126
6666
6542
11249
11811
14957
12299
510
2787
6904
14583
4543
12398
402
1379
2617
1363
14569
4839
14490
1333
11380
8022
2123
13718
447
9680
11327
11853
1352
8163
12419
13689
4439
12102
14806
4030
9025
12892
14347
5342
9034
14173
1960
5611
3361
11561
11961
13212
6280
13703
13009
7491
9279
4275
991
8114
688
5352
3176
14760
14966
9522
5247
8057
4185
11949
2637
1229
6035
7901
12909
11671
8286
5791
12518
2951
13203
13406
133
7329
2196
12308
3047
9486
10038
13428
13713
15000
5971
14156
6677
2052
13237
9310
6930
8853
12977
12075
178
6921
14499
2597
9603
9230
13916
8033
3023
13795
7437
6303
3499
10073
1647
11336
13477
37
1549
156
11973
1627
214
1244
4313
14524
7310
15058
12910
14004
3405
14136
3277
14408
5290
6444
2848
4683
4290
6946
122
480
9621
11451
7530
7842
8308
8718
13769
9444
13511
7123
9927
6581
7870
8603
3438
4707
6664
11085
6509
14847
2761
9220
11939
10841
7625
435
80
9262
4573
6475
2783
6010
4511
3577
10319
8224
6090
3953
10094
6545
1459
9809
5540
5917
1507
10847
13892
430
6463
6971
13857
9508
6635
5545
12441
3408
10719
4833
13621
4936
13097
6827
4618
7249
10541
10320
7117
15003
7034
7647
9232
12438
4949
13827
2784
4388
7328
7201
1786
692
13953
1357
1844
14449
1497
13396
1762
11902
2653
7835
7925
9177
6924
1241
1926
955
13697
259
514
3092
12789
10153
7568
5608
7816
74
12100
5507
5535
12875
3986
4115
7010
9108
7456
15158
14565
2527
8747
294
2806
3841
7161
8971
11969
3359
9395
1946
11954
4795
6952
1519
14740
8014
9769
13886
10899
1478
11756
7808
11465
2859
10336
12020
2740
11318
12858
11765
6227
3137
12994
7692
6842
8130
12899
14101
7157
2064
388
916
14906
1700
4471
6286
14098
7019
394
9328
200
10148
9368
8343
1727
7531
9341
4610
8619
10701
4175
4619
8618
9495
3562
8287
13968
11191
10453
8217
6611
2641
13281
4270
3574
7984
14827
4306
1380
6333
8049
10263
1131
14192
10470
9334
2990
5858
2003
7156
116
12557
582
13305
8862
5505
3853
1041
7331
885
2968
10189
8165
4280
6663
9091
1430
14384
11018
1567
9241
9380
5779
5174
10612
12335
5781
13063
8847
7003
4326
2536
7135
1316
3551
12762
6777
11764
9274
11379
4208
12907
9497
2294
14564
12848
6776
3455
9060
11937
2308
10441
13185
7696
13208
4102
583
11692
6481
3116
5337
211
4841
2973
13860
8181
12809
5084
5096
2159
2969
2361
7629
10971
5248
4676
8062
15032
2991
3704
7300
3022
11881
5922
10036
5932
11945
5632
400
3518
12426
1093
14122
11365
4599
3136
14157
3768
14958
2192
12574
8721
11343
3050
48
4709
12329
13094
6369
8270
969
6000
6460
4244
3220
1570
681
914
682
2860
4690
5345
12149
4791
3785
12097
13417
13604
8924
7349
255
12457
2296
9867
5008
11438
14085
10065
10749
6285
11527
5838
5236
4321
12898
6526
3965
3045
8582
7709
6131
10853
1279
2546
3237
5364
2487
9048
3803
5763
36
14022
9378
10602
33
1595
14333
14561
7940
13034
7385
6374
925
11174
12242
8690
11629
6587
8323
7108
14598
9662
3950
248
8741
2771
10904
11529
14882
13159
8692
6629
4691
2946
7536
13629
14118
7861
14083
884
13494
2369
15166
5691
12608
7548
6652
3039
11057
14864
2548
14907
3037
5071
6683
5305
2867
6327
14656
5718
826
12860
5018
758
1891
10995
320
1080
924
1377
1783
11282
1676
4322
4923
6007
4595
13599
3296
15044
7839
481
142
6244
10366
6983
4181
10533
2883
1165
10119
199
12002
6294
2793
2324
8410
5662
4418
6966
13207
11824
6449
2802
9991
7383
5502
12951
68
1734
14346
5855
3691
4253
13048
7481
9236
14066
12006
3820
12255
5493
14581
8943
3066
6665
9333
3478
14803
2139
3313
5754
12005
10771
1104
14241
4577
10099
8645
11498
1732
1745
8999
12109
4376
7406
4454
12990
11514
13813
9068
6740
8560
154
50
7699
14155
10530
8920
14929
11667
2745
1674
9559
8483
10335
12174
11892
5998
1309
2126
7362
1949
1302
9295
642
3032
3379
4131
11942
6077
12077
1116
10908
8530
4169
278
5000
5341
14752
1108
2937
3070
1398
5343
10337
14810
6625
15191
9591
8806
3425
11638
12634
4278
5646
14628
2480
13885
5557
6064
10988
5445
96
15128
3515
11757
10340
13217
8710
8681
8786
11684
13442
10748
10082
1276
3430
863
11547
9611
8821
134
3552
12687
6332
7242
9051
6896
12599
13532
12145
10763
4807
8532
6585
6613
6657
12190
11346
1750
13849
1875
1095
11661
13005
13469
3303
12246
6472
1544
8590
4650
3463
14917
2206
12443
3596
1267
1218
10132
13721
5428
7603
1903
13323
4997
6215
13963
3306
10577
767
11862
3096
11944
7899
12010
10200
10994
6451
2073
14736
12201
7688
4742
9391
10049
4847
7521
4615
3
5054
6344
2720
11582
9145
11092
5075
5740
9143
2188
1370
12181
1576
7553
2578
11987
5722
3312
13061
3781
346
5622
10962
14268
13391
9195
4535
13149
3954
11618
8887
12282
8715
4658
3483
2075
11849
13328
4384
14580
12466
14076
13627
14551
14161
5144
5126
2119
12982
5380
13274
3350
11487
683
9983
257
12901
6192
13377
6092
13850
3811
12736
1740
14875
12865
13731
4387
10075
10696
8027
13255
895
4043
13451
3381
5847
2756
9934
13677
3157
6057
10291
679
4265
4956
7142
5640
2732
3027
6210
7906
6891
2953
13512
8846
12067
12533
4978
1402
4870
5457
11619
8198
2638
15085
14207
7184
7022
7012
10894
5794
8491
8737
8256
12143
10454
2312
2459
1782
15018
9187
4953
1361
6727
816
3033
3530
4220
8925
13395
935
10142
12287
9237
35
13113
11785
3015
6456
5444
1209
8832
9151
6567
5619
5462
9547
4113
2719
437
14272
6305
4840
919
10356
3346
9056
14861
6430
11341
9526
2289
3749
7976
9181
11647
1621
1200
7163
2399
6933
5454
10867
525
4750
10452
14400
4287
1512
9331
6407
13466
1751
10354
8228
11493
12729
14850
7964
10551
8660
7341
11730
9572
8221
3519
9893
5081
7518
10481
2976
7876
2267
3834
6555
11472
6002
10317
7717
7867
10357
8733
8970
14248
8610
5063
14849
2749
9244
11129
6485
7514
10397
11155
2346
3775
2903
821
2632
13309
5934
9240
7913
777
2522
6166
8124
12302
7360
7389
10483
8646
5826
7617
14745
6845
14992
8573
111
12154
600
6499
11357
9894
6994
14052
9228
4460
449
11248
246
3196
5042
2096
2693
4487
9344
13612
15192
10018
1444
2605
13659
3387
11793
13400
5508
5456
12622
2084
12078
6100
2611
8313
14939
332
3122
3071
1543
4744
6995
12972
10854
8659
9491
5383
13654
2604
5903
569
13109
6897
8157
15108
9365
6783
1719
7397
8581
5191
13580
8139
14228
12101
1411
4329
2071
1000
7234
12249
13791
1853
10375
3593
7351
9849
8712
6670
9423
5295
3540
9756
1425
10482
5815
7711
3031
8329
13229
7669
2573
13476
13955
12331
11992
902
9198
3376
1551
11406
12451
11075
1454
7869
12595
187
11566
4987
3786
3723
12105
2226
11946
2158
1615
10555
4013
4303
8317
12431
9381
8434
945
4414
3253
12679
13782
14395
8365
14497
12356
2232
5987
5027
13635
2266
11054
15200
11524
1125
141
14659
14028
8637
7974
7728
8479
4355
7017
547
9253
1130
8824
4400
4682
3700
8162
14097
7756
6986
9836
11612
9133
10536
8750
7585
13002
4040
4924
4481
8013
958
7732
7844
5416
13123
10543
2108
14756
13958
10447
13607
2263
4888
14970
4831
2982
11456
11240
12996
13050
1983
5266
6940
9755
11078
7817
8443
3232
7522
15194
2347
7595
9760
11929
2925
14692
14082
146
1034
1778
823
3339
4349
3274
1213
841
3108
13133
4271
2355
6854
9701
14699
14215
12927
13862
5137
3028
2742
8620
1265
10258
8446
2845
13725
9799
7592
9314
12817
14222
786
1665
7855
12961
2081
4149
5145
7661
11278
2373
8562
11549
6533
972
5206
14194
684
12663
7921
4413
12766
2616
13484
8549
6315
11542
7107
8031
8239
436
1716
7486
2210
3998
2041
9480
956
9385
14674
1994
11097
7079
4447
10224
12583
2880
12134
10128
13373
11648
11059
12163
1322
1937
8669
937
4830
12601
5528
568
13917
197
4721
8316
10987
3501
3877
8166
268
5188
3197
8451
6361
14238
4138
9550
3342
8518
3873
4770
1262
9757
3664
6492
10673
6340
6229
11000
2444
8398
7256
11348
855
4340
5415
14856
11447
2027
9510
5079
4849
15019
1332
11061
8045
623
3789
5172
1205
2822
13221
6484
13545
728
54
2699
13091
6042
14804
4146
14180
13844
11590
11466
3996
4375
12970
6401
5077
10074
3496
14972
4779
12373
12297
6688
13671
13375
13425
1474
2225
9754
10102
10514
10846
458
22
13501
8095
8808
6620
5941
7515
8366
6130
7792
6352
5692
10463
9026
13711
13365
11008
13727
8593
13254
8601
14720
8648
2364
4314
1818
9802
11632
4248
10762
2278
11395
9390
15053
7469
1366
6152
8113
10582
7624
1915
3661
10303
8654
4092
5950
2736
4556
2917
10311
7540
984
6582
8141
14394
5339
7621
14873
7316
5387
7304
10235
4601
14297
2829
2216
835
9692
13082
2044
10020
14902
13378
3328
13170
228
597
4982
15119
12016
13292
15142
1187
8557
9713
12277
9624
9421
4622
949
9435
5238
12479
3006
12922
4766
6865
2337
5129
9573
14684
10325
9324
4669
3326
13909
4775
1823
12319
5653
7134
3094
10063
10005
12415
4645
10823
14818
4862
1277
1696
5792
2235
5911
4192
5787
14265
6486
5283
8743
13485
8071
10460
624
4438
2397
14361
1641
12090
15006
139
8941
11121
8105
10117
6709
581
9016
8939
3036
12989
4234
2644
14158
9227
14102
13962
10223
2897
957
13224
11413
6247
974
13595
5523
11690
14670
11852
7366
14128
2972
10462
6121
2344
8431
6549
1150
2992
11550
9568
7049
10256
9909
14609
10079
10566
9409
10351
10833
12727
3962
12936
7090
1677
4361
1710
12153
8816
10524
9513
7602
10568
6016
5070
13812
4930
6603
5587
2406
1447
14483
11005
9439
9953
7581
9898
12588
3697
9200
1808
11781
12871
2512
7080
13806
14380
8744
3747
11426
10821
9993
13793
7215
8699
13337
14718
1840
5671
11660
13808
8730
2998
165
10843
14635
10171
551
5002
2650
689
13571
7973
1005
14697
14005
13344
7013
3934
4444
5506
485
7860
13214
14943
5479
6275
1705
5583
12575
8868
3385
8215
2094
11246
1076
9651
6673
4635
2939
7023
12770
9104
14625
4725
3180
904
2430
12515
3338
14279
10963
6724
5806
10869
8394
8878
4727
15102
10064
10440
12754
6570
1604
6214
306
8526
4971
9204
10745
9552
8972
9823
5982
1756
1730
8732
6807
4897
8187
4512
9488
12378
8761
10105
1388
11398
13799
12496
9732
1809
8412
10680
12718
5731
8121
6427
2401
2510
3725
7777
2478
12405
1801
1925
3133
10923
9959
11895
13128
4178
5581
13923
5430
6241
9270
9013
9152
1355
862
1167
14782
674
9376
6697
10257
2335
8169
2688
12906
2980
11551
13911
13991
12066
10922
3666
5007
12794
1837
1372
531
3450
3248
5344
13302
6712
10265
6745
4433
1578
14362
12967
9446
14765
4291
5482
398
6435
2310
14119
13925
9881
9335
2077
3172
12486
11713
10428
3364
3053
2000
10056
403
1857
9747
396
14725
5916
12981
4119
4155
621
3857
7303
11773
9272
6172
11809
13058
3227
6819
7484
5491
14246
462
11019
13148
6150
11257
1293
14355
11886
7194
6887
4469
4538
9631
7535
3761
14618
9142
8929
13108
6263
6368
4921
2789
5166
5637
9625
14093
12272
6786
14289
5355
7066
14115
5626
3279
2220
4834
6395
1557
4646
10347
13729
14132
13070
2561
1239
11913
10131
8538
4587
7576
8300
12558
3942
12013
3807
10751
3969
5530
11377
3643
9626
6939
10874
6322
4158
11340
5223
565
13614
2153
5942
13280
1156
12715
2037
14508
12521
11399
4975
6873
3991
9110
8506
5599
8389
13789
9141
13193
4617
3026
14895
9039
14335
13191
11515
12336
3919
3365
4451
13661
9555
7088
554
10766
4561
1395
10668
4176
11653
7422
6539
8202
4479
222
4675
9914
7977
6721
13570
14351
3445
15065
13790
1514
10423
2383
2443
5614
4148
13357
6312
12124
10964
11475
5481
8028
990
2410
4796
7104
13756
12206
13272
10230
11788
11112
7016
8020
9776
14734
2558
4442
10727
2884
10266
10523
4209
2134
5925
11314
11916
5629
4570
6674
3198
3323
382
2658
8837
9734
6836
10510
8279
7616
3035
11355
1997
11284
14643
10420
6267
3254
12673
9415
5975
3737
1082
4254
607
14797
14484
6156
6923
3990
7618
14528
10661
2107
11053
3604
14110
14366
5880
1819
6224
2721
1753
4657
1421
8643
2521
5884
319
10548
10251
7662
419
8485
9669
3878
6840
4504
6056
8290
7502
13728
4666
2564
4654
4837
11027
12813
3069
13142
5667
6248
12507
861
7148
546
9844
7981
30
639
10639
11332
12592
3082
1539
7376
1477
8086
13139
1790
6403
13457
14233
7878
7269
13222
12642
6032
1611
10323
10638
8029
6184
15026
3249
11140
8364
2255
6384
8384
12210
8099
5642
1571
11421
198
7450
11776
2513
6218
11390
11036
14438
3472
14442
2909
3985
7356
8302
1319
2891
7979
7223
5707
842
11921
14465
14829
9185
790
7928
4164
7879
9102
14990
12259
3748
11875
5500
1118
476
7573
14603
9202
118
5580
5564
9905
11004
12171
2518
8849
15068
4405
6633
12782
10040
5679
7259
3160
7287
9007
3695
10177
98
2978
8897
10208
7958
3528
7507
7700
2854
14518
13505
1251
2648
10981
13231
70
47
10774
13093
7395
8052
4135
4853
7743
12446
14713
1170
953
2935
2788
232
13537
7890
6750
11294
10521
12952
12988
2582
14703
4684
11625
12418
15150
13099
8324
9162
4694
8798
12285
11644
2458
14694
11176
4397
2877
7401
2366
1096
6540
13956
2468
5061
2665
5641
9453
10314
10620
1431
6418
3162
8408
7703
11429
3488
12031
13371
14007
7759
7862
6211
13800
7930
12505
6948
14116
11067
2163
6913
7539
2677
5436
10505
7064
9975
7813
8874
5989
541
466
46
14663
1516
2051
11362
4055
10150
11457
5795
7612
9437
9929
3389
12847
3336
8149
14928
6058
4957
12040
8612
4109
2866
13387
13032
4820
14218
12445
1989
3808
12768
10370
3686
2500
8756
8381
3706
6756
10547
13200
12834
13434
12541
11868
9306
13209
367
695
9952
2178
9720
6852
4723
11518
11431
6648
6598
3849
9392
8866
9601
8419
10220
11770
6660
7888
12923
4644
10416
11536
4299
2649
2842
10646
9080
4350
11511
2898
10554
5914
14719
2132
13360
12567
2899
10517
13766
5770
9810
14315
4450
7943
6641
5571
1540
413
2313
9300
7353
13007
9644
12997
6239
8152
1351
6050
7321
12916
4925
3192
11175
9040
3740
7588
7192
12416
8894
9677
8758
7190
12079
7750
8783
10203
13674
5696
8740
12188
1086
7881
14182
7292
4101
9567
15168
1787
12459
9750
9638
13633
9880
12764
11554
8882
9075
7965
7186
4260
457
847
6606
3594
4325
13626
8551
5170
13768
1147
14619
6988
7985
13588
3856
10382
13076
138
10865
2246
12053
2912
5085
3751
7766
14474
3549
6755
4598
281
14913
1222
1407
625
3120
10927
4362
7886
13908
5369
14292
10031
4136
3513
7053
8156
2882
12932
10943
6644
5102
8892
9440
6011
5631
3386
2656
4566
10327
9737
13419
11721
3864
7270
11166
3493
9992
9578
13510
11598
7598
12946
504
231
10395
184
13591
6735
6710
1404
3662
5053
9318
8614
1387
8321
3029
12076
10786
7291
3139
3500
13798
11364
2988
9689
10277
6847
1724
4393
3854
6170
13541
1757
452
7020
11230
9401
2
9132
13413
8467
8831
1556
8110
5016
13513
3715
2625
1327
9078
1945
3918
495
10262
3325
10585
3280
343
5573
14601
6309
6326
15145
10875
12580
7045
12139
7468
1959
2124
1419
5539
5628
2360
11402
5446
1044
11663
5025
10651
6584
337
9484
10534
8967
3126
11065
5032
13459
763
13884
7538
7319
2300
6142
14709
7120
3614
10067
4495
12993
1051
11675
8332
10296
11603
5048
13965
441
3391
2045
11971
5555
12265
8797
1805
14650
3559
6233
3601
9470
8574
251
9561
1861
7334
10685
3709
5552
14199
588
9247
1895
10021
6743
10004
3557
10241
12531
1654
10858
14763
524
10469
4517
13856
10233
13864
6319
12832
11391
329
5230
4249
9353
7690
10703
14252
14377
7714
2426
4070
13547
10309
5334
7791
946
10492
6413
10331
5817
8510
11492
1295
7988
11967
4052
4586
6711
10796
2770
3548
12099
2955
10935
5686
5050
1121
2072
6858
9518
9432
1428
771
11149
12411
8522
1666
9243
12500
10313
5351
9354
14956
10595
12283
7169
11250
10207
853
4427
6490
7167
4801
1124
5038
11470
14781
14596
13067
11976
6135
7626
4236
3681
4674
10108
12555
8812
14061
4100
4312
1367
9681
9
11401
12610
1884
8416
12517
14836
9645
5330
3150
3738
7237
7082
9412
465
3701
2981
163
1802
7448
2689
6269
1228
4558
14390
2966
13394
444
7655
5259
8077
12032
6334
1059
7712
11083
13277
12261
8330
3654
8904
8800
10295
7788
2748
10868
13867
14610
9998
5107
12021
6445
7132
14963
11422
3479
6560
5974
8796
9628
11844
2995
7146
13412
962
12747
2239
13746
14678
5082
7761
11907
616
12061
12068
6416
8828
14571
1451
14430
8433
15161
5013
9749
25
5558
14296
12476
13151
12641
6602
522
10913
188
2571
1839
1680
1191
12423
13720
8054
3164
11637
1913
13891
996
3621
11611
1029
14840
13656
825
9010
5809
12893
6222
10035
14099
2726
10606
552
8038
769
3896
3850
4728
1506
1691
5158
11148
2584
8005
10658
6800
1717
5563
7894
2533
11009
5878
3117
647
4381
8978
13288
9093
1793
1530
14216
14800
9457
14009
8210
12164
14040
14636
6920
512
12730
14774
6753
15178
7648
4835
4503
3468
14746
8949
4712
13124
5727
2758
438
14622
3619
6169
4204
10014
1132
5724
5123
3090
594
12769
5458
14477
3901
10029
5195
7058
12449
8078
5443
12691
3979
7924
14036
12726
468
1250
6262
8016
13008
3021
811
11089
6023
11708
8116
10095
8663
1092
13896
42
4785
1669
2608
1201
12385
14170
11262
7060
15063
8058
8418
1901
4898
5451
10343
6982
15050
14500
13116
601
10803
4559
981
1268
11979
14605
5271
10164
500
849
9021
872
310
2416
4098
7546
9305
6157
1403
14591
13696
4474
4034
11856
6877
15069
8460
2957
1196
14278
1494
6929
14041
12710
7404
12276
975
7807
2254
6734
5473
8979
6175
5067
7337
11207
6117
10564
6440
9600
8010
9182
1323
12204
1422
2343
7382
13615
5543
11153
13846
2933
14753
11760
13751
3267
14593
14648
1284
1908
13773
12563
3641
15046
4700
10380
2359
10984
11311
1536
663
14505
6675
12305
8237
216
11368
7359
1764
11777
13290
14032
14767
7347
3099
6577
10457
14247
1110
12551
439
655
6782
2145
14293
7845
5466
10243
3110
3521
14153
14081
5848
5801
5354
261
3674
8566
14135
9647
3349
10339
2035
10085
3013
12864
10252
1636
8795
3827
13984
2595
3736
5011
10072
2551
4765
3214
2377
5232
13579
9717
14501
11143
4842
272
13101
455
6618
5017
8984
1803
3335
13482
5730
3125
1001
6605
13026
5747
13426
2462
8571
11215
13473
3440
6795
13904
3507
7057
2138
5285
12836
7830
5956
10186
6684
9525
8983
7195
13747
10824
10499
5702
2795
13311
3484
9545
2547
15040
8918
3837
3712
2349
9298
11007
7784
4153
12392
3605
6696
5592
10398
10835
5414
3105
4455
8196
8118
5407
8082
13772
13640
2664
2189
10955
3746
13235
1415
8081
1622
14883
14070
3887
2451
12719
2408
4475
2421
5935
14831
1159
7263
11334
7931
13369
12671
14657
5717
693
632
14413
10003
10520
3025
13415
11108
8008
9018
5783
12294
1996
3141
5945
8523
3460
4416
11247
643
7594
10693
3030
3587
4031
9473
14309
11423
7764
12295
11563
9483
3579
9345
5480
6423
11416
2390
7516
13184
14600
10444
109
7046
15154
4402
14785
13582
11751
14855
11375
6204
2304
13049
8833
9346
6030
10881
11528
6468
11641
4990
14780
9848
11520
13589
8273
11424
6259
14607
12930
13240
5161
12273
12212
8066
13025
13692
41
14364
1502
8589
14575
764
5562
1348
12623
10290
12612
7836
10960
14462
4190
12196
3753
6829
13046
12501
2647
14521
6528
635
14071
9699
12959
286
5250
2528
4590
857
14732
3498
10539
9558
14634
1610
3581
13299
4484
10938
10605
10152
15113
4443
13619
11122
2152
4286
9951
1236
8755
12911
8895
3331
6744
9049
7872
8264
1378
13735
3087
4391
699
410
13678
4636
2249
13943
7611
10714
10048
11645
12841
10114
10437
13873
4532
2375
6351
13175
1358
2984
8362
10173
7314
12843
8863
7666
13039
8541
12686
14217
13162
14532
3790
7005
4714
2600
9524
6331
1580
4781
3134
10100
13516
950
3370
10599
13004
11857
6379
6081
899
8207
13765
12458
12192
12741
9363
135
7846
5519
7212
7145
1231
8871
1772
14112
9209
7736
12364
3065
12137
10451
10363
9665
13942
9900
4065
14165
817
6083
12352
11558
13598
6568
5193
8781
7799
14331
1760
1704
14679
14868
6514
8188
10115
8535
6862
360
11259
13160
15070
3474
6337
5468
6049
14579
6205
14749
3646
2581
7384
10795
12806
12312
12035
555
14959
463
14540
11437
3187
5660
5434
202
9743
4854
6703
7403
833
14227
4880
14739
8496
221
2911
10270
13794
6888
4638
7675
2276
10709
6161
890
13667
3600
8319
358
11091
3784
13075
10078
660
5009
9109
6195
1371
9877
4947
9790
14010
2403
2258
6359
706
13706
15072
10175
12619
548
3163
1655
145
11564
5120
15205
13452
14084
10308
9841
1392
7970
11750
4944
9554
7989
10509
12837
12081
11727
11468
10390
1255
8578
8311
11376
12367
9205
9542
10012
779
10757
4379
13601
446
11748
1427
14176
3289
1113
2420
14487
3177
9523
3079
3817
7916
7453
2076
5051
9032
5776
11993
2305
1248
12854
3118
14577
1966
13401
13137
14548
5162
2778
4324
14308
13865
15100
8267
8969
6471
13343
4437
13969
2657
3008
5784
6232
9527
11315
13684
7831
13525
12413
12740
3020
11837
10644
9474
13338
7026
2724
7880
2234
7689
11256
4009
6450
21
2198
11471
6339
1620
6046
3658
15135
1965
14833
2460
14270
1493
9499
14908
3503
14976
191
12884
579
5239
6441
13073
368
10578
9009
8651
9012
4044
4983
2943
2728
2655
6833
1301
10146
14358
7025
7139
2857
755
4423
2516
8447
10735
12652
3925
14645
4320
7824
3337
3175
7137
4901
8409
4029
11622
11581
8656
2910
11697
6817
9264
848
10722
1288
6006
477
2950
11705
10373
10112
5728
5323
4989
8216
8917
10818
6040
2301
11771
2449
12850
3152
759
11555
900
2089
859
13562
2831
11152
160
13453
4309
11461
2053
3073
2777
7043
469
3787
8438
262
918
32
1072
3014
9956
13623
8101
15021
4705
9050
1457
2828
6396
6256
2821
5734
7171
8966
11703
11914
10764
6353
7551
14576
45
8487
8608
831
10706
14100
11822
7780
5047
10776
6645
6630
8229
10106
7613
2066
1011
6863
10936
7375
10591
7998
12752
7975
8191
3343
13273
9592
14319
12207
10110
13932
1585
5924
13809
10611
1893
9388
8735
6669
8763
7663
6846
225
15020
797
4060
1909
9838
13199
7425
13356
13446
876
9303
5891
10321
12830
8906
14731
3410
10733
10985
7601
7325
3392
14469
10710
15137
6017
2284
14079
14134
5943
5159
13363
2921
3912
121
5112
1505
7111
12964
9099
6882
13631
5979
12404
10785
11028
6314
3929
1473
13897
724
5402
10743
12004
11002
4585
9543
6704
2696
11616
13003
9413
9996
1152
2529
4542
922
1326
5187
12160
11161
10329
13826
12070
10603
15086
10154
8515
13247
10997
6699
7052
11302
9408
13336
12690
6164
10191
14196
15075
11449
4984
2341
8509
8942
12421
6554
3791
11483
9128
15181
8552
658
558
12316
0
13055
14562
10472
1020
8768
14108
686
3543
4374
8122
13669
13092
870
10083
7993
7500
4889
13650
9653
9148
8134
13657
12566
11079
5215
10237
8075
14410
1605
13573
11795
10240
14878
10969
6469
9551
15183
8921
13702
9594
10046
7650
13998
1986
7697
14786
10299
4346
11626
9862
4276
13905
5548
13521
6043
14479
8498
5309
1202
10342
3976
750
13325
10688
1495
814
1030
2195
4873
13045
9767
9980
10161
9828
1608
6575
13584
10400
12036
13763
3464
5178
4861
10816
14666
10518
1574
8739
4370
6270
5463
4520
694
12616
11150
12427
12442
3891
8211
13506
11608
13023
7247
15198
12484
9285
14755
13670
14348
11033
1483
1748
7072
3656
2223
1978
5833
5899
3526
1426
9436
8462
11170
10367
11188
12269
12000
10976
12868
4913
9163
6276
6812
186
11319
10234
12394
10851
12325
11189
10187
1032
6282
12520
5541
6228
6342
14968
2934
3348
9217
11869
14232
745
810
7271
19
8932
13701
13736
6869
3374
12659
10060
13878
14214
10951
14894
11531
8060
14828
7306
3981
13894
8137
347
5908
12943
2929
4591
8295
4489
3213
14812
11339
13065
4772
7315
9342
8143
6425
13069
15204
3623
5723
13233
14027
2837
5177
11125
12028
3612
448
14863
2591
5837
8063
12851
5786
10891
12625
5340
2615
13013
4008
15013
10242
3927
8685
10185
518
8776
8205
10925
215
1439
13289
5226
229
11405
7386
219
11467
2589
4108
7009
7380
10980
5623
2862
8516
3171
4467
2723
2002
8657
7365
1852
7338
2542
6623
15096
10183
5028
4734
13001
11038
4396
6979
10817
6320
6099
1560
129
10990
12488
15186
915
9633
2059
10047
8420
961
4232
6536
12340
14567
1695
14904
10779
12666
105
1998
14546
6523
10015
8579
6529
11541
6367
8675
9632
1252
8061
7472
9851
3287
9196
8112
1667
10430
12182
5839
2050
5609
4887
14522
12692
2538
3778
13382
15129
10950
9793
7033
12303
9528
4342
8519
14016
13256
994
8096
11502
809
4301
9362
1270
2667
4453
12921
10996
13575
10794
376
11320
12983
12810
1176
3465
11606
3936
10614
14549
3916
10974
43
11473
9371
15144
7520
11214
13679
721
4330
14171
12855
5421
5115
5739
12618
7489
8294
12461
10228
9826
13668
10238
13788
9913
9221
1525
8511
6628
4123
9448
12455
8965
4877
3432
7387
3271
14925
227
13693
5209
6260
7114
13550
3591
13127
14393
5814
7809
9154
8411
13475
6934
5171
11439
6015
11292
10458
7929
8546
4818
3301
1310
3531
795
12165
1488
14049
5270
3798
11104
2434
10834
12015
879
9414
11337
14287
14517
1068
8173
14121
12266
4679
5287
12605
11691
3420
11624
5450
6640
7685
10415
2919
2975
7390
8634
10355
13632
6686
13236
5128
3261
954
8468
1555
4776
15156
12587
12586
11880
1320
6911
311
13354
12831
11300
1128
9046
6020
7782
14198
5842
4412
14341
6348
9077
3993
12011
15193
15042
15175
14105
13649
9972
3900
1139
2491
4844
10713
794
11544
12086
9288
8595
10783
2176
5977
9055
14789
13941
10061
13989
12473
6489
6034
13569
8423
12425
13232
325
760
1588
10216
12849
6723
3660
5927
6556
1215
9650
10862
830
1243
10544
11982
3920
1325
7665
1849
11202
15148
1979
9727
8325
12509
8754
11384
2900
4580
13837
6685
2415
12057
10285
6005
8775
5650
11652
1274
1216
9598
736
605
14892
2954
14325
1204
2680
12706
3397
1708
11689
14844
9565
3495
3971
3767
4995
12059
5127
9396
10852
711
8751
7198
5821
10062
11208
11573
2754
13645
540
8706
12341
9666
9745
15034
4343
14531
7035
12934
2920
8602
6012
2466
14903
6867
3166
4496
5231
6022
7416
6465
2101
3862
12661
7483
15061
14777
6048
12313
344
12856
5365
8950
9313
1911
5273
9399
5603
13938
4304
6794
3903
1117
10205
9180
5710
2525
12722
9022
8079
7582
3119
10769
11988
14167
5638
8292
13845
14860
2999
11359
12833
5060
3467
1111
7547
13732
12812
8975
12724
7850
1364
4664
12739
10368
860
9451
9726
2875
5321
8780
7510
6999
2888
28
8869
3813
14372
8504
1476
1961
7744
12672
12128
9585
10586
173
11313
6662
10332
2217
6171
8825
7118
805
3291
4773
9294
12150
8745
10165
8605
3017
10944
11048
1592
502
10232
14048
6700
11178
4200
6480
7116
14239
13408
14291
424
3667
10893
10526
11731
9481
12582
40
2520
10124
14038
2704
8679
14142
13036
1590
13699
9986
5233
2281
875
11655
6981
7775
12202
8376
1773
2048
14530
6730
6739
8445
7464
12761
4499
1410
6569
4764
12074
13275
13700
9089
10129
14458
8146
6658
4235
5509
2812
11280
8350
2469
5745
14000
10500
1436
14069
5492
8103
5846
4360
10169
10542
7745
12920
8995
11821
8864
13112
735
12497
14997
10436
11407
365
9364
3565
3947
3114
8080
927
1628
7570
12432
7877
7458
9768
10957
7720
2738
1671
3745
4226
3675
9658
5751
3154
8855
10176
14480
162
1922
2141
11309
3908
7948
13480
14172
14932
10579
12390
7962
3536
13847
5772
5385
873
4860
4771
11679
5823
9160
14854
12395
12372
1780
14202
10726
4579
10170
4318
9419
12110
14862
8415
12140
3589
968
15172
13741
3828
7070
10461
636
12823
8992
6251
1843
9001
4824
11323
6954
2810
1071
988
7955
13594
12326
9442
1324
4822
2775
12840
2713
3480
3890
943
3382
1470
14131
14140
4798
12506
2083
6434
8242
5141
4417
7815
7226
14584
5525
14848
1338
136
9974
8359
1409
993
14096
1273
14120
5055
10365
4197
12609
4395
13855
11668
2941
9646
7276
5828
4850
5026
9081
4213
3967
1880
12379
9584
361
12444
5496
5021
10684
13592
14486
746
4950
8392
101
12519
585
6653
1199
14802
15001
10672
10677
4050
5589
4611
4634
14088
5326
5237
2993
7619
12339
13914
12033
14578
4963
14429
3624
15025
10287
3419
8342
678
14378
3542
9098
10019
7250
13136
13918
11556
1547
3462
9652
9496
2815
11442
10707
1587
2556
14566
5282
804
6389
14072
14456
14305
1330
3534
384
2162
1629
7110
11106
7995
8580
4663
422
1874
7885
1469
10318
14733
11462
7257
5319
14738
14686
2130
2838
5268
8555
2060
6019
9985
14379
3368
2599
5198
11267
8680
1554
1405
144
10418
4483
4411
4224
7812
532
11312
714
2746
5856
7811
2560
5852
6127
10837
13587
4613
2962
9706
5913
9971
1907
7509
2033
14510
10676
8840
617
10330
223
4323
1800
8006
2103
8034
92
1763
14210
1127
806
1347
13314
4969
10494
11371
1045
844
7179
14675
12220
6636
9065
9672
7773
7378
14399
13111
12112
15207
8749
2237
10979
2233
11909
7866
11396
12429
9476
7543
529
1340
12676
14884
14417
1461
247
13517
8048
14478
4488
8192
5092
4007
8725
72
11281
2191
6291
26
5393
9770
6595
1701
10838
6960
11232
8493
6506
9915
856
4242
697
12089
5186
7006
13384
15160
7575
11658
3699
3423
13239
12230
5182
4293
4908
8127
8435
1565
7095
8696
14422
6726
10506
11411
12489
14340
8348
14324
12284
192
4094
12655
3866
132
12991
15140
6866
9287
3329
14345
12953
3977
12807
8793
12211
12720
14169
6467
9443
13792
4553
11203
10641
3456
4655
7972
13072
5417
2351
11989
8922
12227
5520
8172
6804
12738
13738
8385
1912
14879
7217
1816
3409
11978
12051
10471
1382
9674
14450
11796
5685
11715
13995
13068
14723
172
739
2691
2429
6900
6487
8138
11975
5089
3595
12198
7762
4089
1661
9800
4191
11672
3634
13641
4476
5780
1206
12042
6576
11111
113
9339
5121
4144
243
3760
13951
3485
14710
14687
11817
10141
6474
10768
11427
6408
10665
1496
3178
3892
14624
12546
1028
8142
14768
2565
3726
315
9501
10450
14055
11131
7873
2063
7623
7632
11775
7827
12734
13783
3922
1389
1742
14923
8665
2944
951
7838
6742
4988
8626
4188
3836
13787
8899
11158
14981
1253
13810
515
7442
11804
3048
10750
13458
9511
3937
7686
13172
6608
2183
1290
11583
1399
3523
10353
8386
10617
14123
10134
59
13084
8247
9682
11210
11601
1018
9427
13402
12540
13536
1838
8026
6553
8354
12047
14662
9582
11349
10515
4549
12371
12179
5729
1924
11127
3161
7524
1744
11634
14493
11182
8488
9895
6417
9640
14867
1450
3009
252
1777
1077
4239
9778
10349
2503
7208
6763
13158
13920
9885
14887
8529
1492
2645
57
7865
3097
11361
6565
998
10334
6503
12532
2319
5190
5427
6991
11884
10671
10259
275
9349
6978
12120
12347
9504
4311
6424
5370
629
7904
6524
8490
10059
6622
9515
2456
12646
14163
5240
13754
12401
2686
2382
880
14977
7508
6404
11495
8644
6277
12402
6138
986
7392
14807
4718
2068
11276
5318
10784
923
9869
13919
6119
6411
10692
464
9011
13286
8553
680
3580
12979
234
11610
941
8106
14677
11947
10662
5681
3804
3553
6461
10535
397
1317
7953
3490
1521
12900
4207
9990
11704
1868
7735
1188
11244
8136
10953
9186
13634
780
13549
1586
3720
408
9338
2117
2165
10857
4103
4201
6075
9816
14793
1596
530
8333
13815
6784
13449
14987
9977
7933
11186
14570
12924
9197
6791
95
521
6841
3698
8687
1465
9125
14352
4926
5610
8617
14838
13997
9536
2766
12925
8810
3935
8421
509
3199
10008
9616
14888
205
3101
10812
992
9579
9449
5035
6531
9316
4970
14166
1143
5876
8440
11889
185
15165
14342
5202
11597
11592
14985
2049
3525
13529
5764
5973
14761
11935
10087
6173
10359
5483
5933
640
1057
5602
3003
6452
4434
2212
7746
4546
14471
2205
2317
7274
11719
4473
11922
2870
9111
6947
7654
2146
2669
10267
9516
14274
3330
14989
8708
11701
11137
8306
12080
6497
13833
8427
11706
1957
7367
11494
4534
1510
9968
3508
12161
13939
7969
8947
9475
12514
3223
10840
10292
9254
12944
5850
9498
12559
8576
5531
260
610
6551
9539
11201
13708
2734
8814
10575
38
12275
4105
12545
6918
421
12523
7102
10411
8011
13047
7477
12456
2135
3532
6571
265
11933
14103
7421
11206
12380
15087
8053
4735
1037
4805
1670
2114
13422
2288
6410
12439
1706
4279
11015
7150
2329
14529
339
14267
7630
61
15
11877
15146
7133
14980
7927
2435
4295
2279
9868
11076
13776
8283
10178
4080
14973
1148
4368
7532
8470
2834
3189
10947
13568
12055
14284
14813
7578
371
11505
8254
8473
11559
7078
168
13600
2626
12022
10245
2587
7892
6250
1698
3822
12777
10341
2440
14520
5725
1811
1101
11908
10248
13376
8171
8223
1973
13859
11605
11383
13143
3466
828
6018
12452
12025
8683
4005
10556
1022
10250
2949
12045
11037
11446
10399
13988
7266
4811
5748
8845
3823
9258
12779
1081
2290
1826
1455
9943
10737
980
6809
12111
1759
11167
2036
10080
12662
14799
326
12003
7193
174
4652
5590
6678
3502
13822
4865
8985
14822
11385
140
12115
15099
12987
15008
10522
13154
1662
3321
11714
11071
1548
11450
12073
2021
5553
4951
7694
526
3940
6651
6893
3202
4219
1725
4267
14451
13964
2038
14376
9679
9965
4711
11871
6185
8903
7121
1664
10592
7871
11977
1155
11105
7461
2729
10896
12788
4670
7099
8881
12087
1308
4033
1934
10307
12795
2272
3316
9939
12633
2642
3906
2332
5711
6420
11454
4651
1767
12333
6500
237
6265
13551
14926
11885
5769
12914
10387
7635
1564
13062
901
8222
7858
12408
10199
11012
3151
10621
7313
644
12866
4859
1062
12534
357
8544
12324
6372
15141
12695
10618
2438
11534
9398
5272
851
9950
12386
13564
1682
12973
8738
6223
3756
1632
9784
9373
8774
7897
5109
13714
9090
3921
12693
2774
9271
317
6926
2090
8561
1397
11017
3077
12193
4563
9215
10086
12703
2569
14440
15164
10236
7716
9083
386
10209
6558
10156
2808
9608
9041
5618
4215
2507
11460
10871
1831
4872
12677
7566
12775
7332
6505
9882
5442
4878
3733
2342
5431
6200
4554
9978
2061
7439
10123
6392
6766
3743
250
5894
13913
2154
3721
9627
5124
1220
13883
7954
11940
14125
12522
9286
14515
4425
8492
516
6519
2386
7572
3266
4996
10480
11233
11768
9928
2455
9656
6676
5918
1970
704
742
752
11253
6097
4964
4999
5138
14316
4261
14020
6767
1712
11072
11851
3560
3224
5841
7785
4262
1259
9238
7101
3670
9947
8784
7599
10810
4063
7213
12647
14846
7639
10886
12330
11102
15097
15179
13979
375
1955
1015
5327
8621
7633
757
4441
3424
6534
12815
9714
13982
3783
13618
1464
15124
5738
12793
14754
11162
13675
2872
5039
8430
4078
5568
12483
5169
7832
14385
2826
7631
7579
3186
14843
1233
4952
5033
4659
13977
11179
10870
666
9794
8131
3510
6610
7324
8676
6073
12902
4606
11119
3205
3750
3183
5997
1400
12536
6373
14886
13330
13875
411
9827
13561
4660
1657
6650
5181
3260
13876
5265
14453
6884
2997
9822
11734
6681
4846
7475
11643
3018
2376
15117
4352
9174
5246
716
5201
13086
1418
14834
5438
6107
4398
12391
1881
517
6089
12464
637
2432
5673
10273
4695
2926
3334
2674
3563
15184
13167
9416
12177
13177
2820
5970
3149
5303
2202
1829
619
9590
13825
6922
2398
4456
8508
11042
14389
12504
13006
7734
6793
5183
1177
7803
1414
4292
3554
8597
5117
5356
10466
8534
14314
7309
4874
10905
110
8155
8244
9037
10486
4863
6826
4769
9386
3309
13802
12787
300
4755
2844
1481
10747
5743
3816
14652
8432
5961
14994
3145
5845
5744
4042
10986
5510
13153
13869
12498
2643
11363
8746
11698
14910
1747
603
3401
15151
13341
14770
14464
11599
4741
7683
4738
6943
5688
978
5199
7583
5150
8248
11867
737
4699
12694
4385
11636
1146
11981
7373
10887
2974
9072
12862
8373
2630
13245
14463
6297
3505
8464
6354
6317
13303
2161
2413
6901
11231
13861
5279
10583
8291
12472
8019
4162
2636
10694
2824
13871
3578
7560
12596
13716
13980
8098
2025
13559
7563
3846
9074
5898
5308
1266
11388
13407
7438
7335
9113
14790
15078
14759
4195
9175
11710
3665
3711
4083
14353
13219
7562
6521
8395
13445
10455
10880
7182
12185
1531
8935
10448
9129
5214
977
8997
1013
11786
7923
11772
11272
5034
577
508
696
6853
5360
6822
6293
1824
8914
2104
2367
5396
3102
7231
1129
8104
5367
3124
12949
10249
4133
3357
7731
3707
7077
7364
2113
730
7718
5074
7724
800
6495
9949
2557
2457
3142
14870
12879
8778
9030
7713
9548
3155
1091
12465
14962
6213
5865
2505
2678
2411
5080
3944
7544
13628
7293
7604
9282
13538
7605
2779
11433
217
8613
1993
7158
1066
3835
12123
13157
11523
8688
11286
2714
7725
5601
3714
7191
4126
270
12270
171
4222
15136
9842
7471
9919
9259
883
7569
1566
7236
15125
5797
10412
9876
14612
6071
15106
9472
1
2886
6787
5996
14373
1971
9976
14872
7071
11164
971
11711
13418
8912
5760
1182
6980
2031
9393
5406
9879
5813
4754
707
6300
9158
7739
11180
9281
10479
14418
3375
6860
4036
9211
9613
10179
3538
9115
10443
8258
15022
6656
5832
9057
3278
1832
14965
903
4378
10364
1896
5093
380
9570
14916
5419
2204
1637
2786
302
9361
11114
6967
3821
8497
13583
1448
7042
11035
12478
10746
3997
4708
10111
3599
10736
14219
8955
7837
3970
158
11855
14184
11825
9144
9639
13539
3652
3668
1770
13347
11499
13168
967
13450
11387
2662
2755
1569
6178
11959
11841
6544
12731
1192
11440
5843
1894
10490
2436
1509
12711
4609
1443
850
10125
2387
2171
5022
6146
4938
13593
4814
3433
14809
7290
10528
13440
7783
14109
13851
6271
12539
14743
7222
11938
7272
11310
11269
11096
2809
6380
14558
3311
5322
11538
409
8074
13858
6736
3448
12744
11031
4533
4789
3910
4010
10584
2588
6095
12667
13243
6541
287
2368
3902
15076
7503
9779
89
10485
4653
6963
12381
2463
12268
12640
13359
9918
4855
14773
12564
1503
1195
2179
12638
7684
11333
3340
2405
3678
4463
4366
9563
9896
9529
5889
12915
9121
9884
8599
10939
2023
4848
10027
9023
5068
5465
6236
14498
3129
9684
11274
1920
5953
10350
3629
8097
8407
592
7069
10806
8652
1870
6194
1008
3107
13978
11737
9595
6350
235
2711
5627
3867
1889
2318
952
4233
11562
8500
3304
10157
6436
9383
5110
14651
13832
9307
7496
11242
8830
4777
11425
11722
5556
10687
9553
13213
11463
9137
4895
14949
15082
12713
1485
4843
11530
5991
7162
7664
843
7680
14439
1291
9785
6052
10645
3514
14541
4167
5118
8159
14013
7056
7843
1864
1950
7802
1393
3504
798
193
2914
12853
331
14704
7660
1522
8214
11353
4392
792
13163
4432
6532
5405
7567
10184
9512
14223
5840
11628
12304
5235
7810
4545
10404
12572
15185
9797
6310
8974
4210
1584
2330
10280
5930
6279
2350
8908
15199
12437
13753
13098
11263
7552
13597
11504
788
2705
8251
1814
5825
3731
3319
5902
5694
1235
6188
14415
3344
1936
12878
2442
11894
1175
11726
14871
4435
12017
11919
3826
6110
3259
3630
4429
5001
9276
8368
12614
596
10973
9707
13947
14288
482
14918
2781
6715
12199
4943
2502
14282
6634
7463
4028
1336
8318
14054
11948
5672
5737
2873
12454
10096
11866
9273
12136
2229
2248
10269
9534
9642
8850
528
11991
69
4977
8520
15126
8753
11930
13823
2017
4565
3874
5616
6483
1609
11820
10740
13389
423
4972
7967
1368
5594
940
11525
12430
3765
3782
9170
5992
7907
8524
6746
10540
245
14203
4856
1185
6816
14953
3362
3930
13265
3203
8728
7206
7412
4891
11537
4602
13115
3904
10058
14224
2482
11285
733
13259
646
4354
7523
4420
14535
1553
11681
12008
13019
6520
1134
267
7719
5759
7997
1420
3617
14512
1224
4697
4628
8901
3535
664
2302
4448
13544
14695
5175
8567
8976
1927
14015
8629
675
12490
10133
11806
13056
4002
5697
6123
13915
2010
14179
1890
11219
6768
2187
13605
3358
328
7185
2447
12550
13278
2890
3673
5371
9302
14481
5940
4049
1847
5015
3469
12088
8782
9834
6478
11479
2111
6405
2501
7028
276
5185
2579
7673
6538
3055
13164
6566
2074
314
292
13535
14403
15123
8888
8961
3696
8890
3824
3447
8748
13386
11766
9350
11260
3233
10149
15203
10392
5165
1581
12104
4918
15206
14298
10761
5733
5693
8727
4127
6301
224
5570
11366
14435
13542
14211
3909
11221
12338
12096
15023
10077
90
4668
4386
9061
10474
3825
14623
3911
630
4703
9024
443
10718
9824
5597
4686
7180
13146
12399
9602
1272
12178
334
383
1140
206
12187
13332
6001
7400
8452
2622
3633
8235
852
12044
13104
7394
11516
9146
9280
3404
7273
1006
3173
7898
7004
7963
14721
8986
7912
5073
5883
10721
8804
5527
12209
6772
5212
6357
6547
4307
11522
5890
4576
9711
4035
12790
1343
8090
938
14090
4871
10907
9337
104
8025
1822
8527
11115
14269
15084
8253
13310
4762
12320
8280
527
5785
12576
8952
14368
8752
3943
11649
7381
7571
7435
10800
9069
9406
11717
11430
657
14488
6242
8426
381
10946
1360
5633
2596
6811
564
6386
6313
7672
6422
1103
4317
2001
14881
7961
11117
2913
995
11084
15177
8585
14365
5031
1100
11560
3659
5315
12763
5967
5714
9935
5420
8051
7007
10975
3613
1648
4740
14133
13863
10790
12433
7024
8823
7556
372
3772
8397
7952
5514
13125
11526
12239
12328
12845
14318
210
5143
12219
3426
11040
7320
13348
1600
489
9139
5788
3917
345
4555
1613
10155
8962
4692
13279
9135
1225
11163
1656
6118
14306
13491
1534
3085
451
9410
2763
2803
14467
10588
5045
12745
10942
9786
1040
10909
6708
3146
4041
1897
5470
4315
3949
9430
10635
4507
3075
2173
5529
11872
3588
8819
556
845
576
7074
4156
13928
5796
14776
8807
6106
4027
3972
6208
4612
11480
14673
13218
10573
1300
9989
13349
2861
12554
1606
14685
10629
11572
3759
406
11839
10503
10781
5804
11900
13339
7763
6614
10413
705
6512
5546
9105
14857
11548
7172
7396
6284
13264
12166
11813
12148
4449
5373
14433
837
2065
13397
1054
14516
5276
6299
4145
819
5302
2514
867
15133
450
2878
84
11728
5947
8030
4107
7992
14979
9321
12700
3024
9712
4677
335
3805
10649
7414
4582
14671
12494
12447
10924
6892
6098
4410
12819
2967
2922
11753
12636
1953
13121
9161
7302
13500
5700
6706
81
3994
10550
10283
8705
55
6716
6346
3687
4404
11386
5376
1356
12116
7752
11458
10683
7941
14043
8059
907
9887
4948
9622
12368
4277
9588
7559
8002
3958
2251
6564
6535
9374
3255
5314
15152
14117
7173
1070
7050
8989
6091
7097
1212
10642
3207
2531
2700
7980
2923
8069
14553
6199
11699
2733
6308
3880
10181
9172
5985
12639
8478
4715
12968
7170
236
12939
13017
3606
5674
10212
9657
10427
13630
12257
10559
5404
2271
14189
11570
4883
2013
7957
13192
2015
5676
12556
13565
9759
2238
6972
7525
1384
3140
12635
12327
7248
7165
1442
1528
6959
15054
3373
10921
7039
6464
1056
10328
14419
6550
8278
1693
10804
9907
6885
1617
12904
8799
44
4380
2739
11218
5741
8902
7445
10403
12838
6788
5448
5243
14106
11435
14954
11397
10449
5701
5515
3416
7014
3639
8259
672
1703
1275
14150
5753
8240
15188
12821
309
725
1260
6938
8835
12757
10699
2673
7765
2327
14039
815
9201
2322
7294
3649
13816
6612
3262
1602
6698
2363
14258
6302
9962
11486
4014
5966
9235
2219
14762
4648
10819
12098
5101
5699
6055
14506
10863
2847
12758
7109
1004
8340
13807
10553
11171
4819
10028
4536
6014
2148
8703
3056
15051
12414
15029
15195
12301
13540
11198
13828
14766
11124
7267
8940
13499
3322
8818
5205
2839
13872
13707
13096
4678
14033
14185
9735
3257
4134
5151
7424
7252
12235
9957
3960
7462
11394
781
11964
4916
4976
7307
9746
2785
296
6557
12774
12798
2549
14633
3859
9116
9741
773
15170
130
11252
4016
9100
13974
12767
4816
7938
4358
12960
2668
64
9097
8050
11055
2840
12029
6637
4012
9319
5567
3989
3290
14729
9086
9775
5625
1172
11739
12674
14095
6914
9614
12224
39
987
12142
4583
3371
170
13602
24
10024
12072
4827
3000
6187
545
11986
1775
9250
4179
12966
4701
2671
2960
14250
7730
2804
13443
14572
14050
9705
10948
4672
7834
7786
14026
213
677
14639
471
4732
11936
11293
3144
4630
1991
1434
13937
11139
11367
10811
11418
1135
5986
67
13119
7230
8815
7779
10900
12306
1834
2708
3573
1806
11120
8628
14961
12410
12565
9064
11905
9257
5655
8390
8714
5313
3345
7218
3388
297
2211
12670
4557
4941
13390
9096
6548
12250
13165
10945
8422
9494
6815
2629
8661
4022
13227
13487
2286
9606
15176
11277
13868
2109
3482
9171
15081
9123
12908
13291
9664
1733
5435
2940
12218
2747
10952
10130
1491
9317
11393
8391
1541
6559
4939
6654
13044
15105
13898
762
11903
8393
3555
11586
6796
6738
926
3132
6868
1166
1977
14326
3434
10664
9015
13685
10408
840
732
5459
5684
1083
6878
2715
8951
11303
2140
2959
8858
11095
11680
8503
8870
662
11306
1031
2295
10888
7723
7203
364
1168
12889
8265
5408
8023
4328
15104
9138
1424
14698
5497
5532
4106
8352
407
9460
14588
14933
8977
9478
549
12274
9721
3777
1504
8936
3352
10708
702
3679
6101
1650
8787
10872
599
6749
2215
1296
10930
6513
1685
1401
1658
5275
12772
2612
9119
1715
14154
4592
11173
1278
9405
1535
4574
11003
4869
10934
580
620
1935
11052
4147
5043
5900
4011
8624
11890
15167
2273
11213
2744
5269
5251
1825
7737
864
14545
1933
434
9343
5551
14160
9103
6844
13251
13155
12114
4627
10765
10527
1090
15059
15153
13803
13471
12467
12584
13805
2283
1513
15101
10931
587
9984
3305
8201
4882
11931
1119
151
8436
14876
1038
9147
13777
8115
14448
2043
13566
12361
4665
9404
9817
7708
10044
12829
5331
14841
3046
4884
3622
13145
5392
1354
6059
14423
2336
14792
6088
13931
2555
7164
3983
10732
10700
3550
4120
12746
11906
5577
1755
8396
2311
11255
832
12216
6148
5447
9599
8587
488
14387
7778
3754
15180
3184
5644
11118
1120
14473
13786
5088
1329
2885
9937
11589
15017
7000
14275
7542
10391
12359
4911
14866
9403
8338
11545
9960
9636
11678
667
13304
14821
1649
6572
27
13021
5495
10381
13838
10864
2602
4753
7352
3788
6909
3582
11234
14147
11509
14771
10305
9149
10007
4746
5217
14286
2722
6181
13405
4608
6128
8926
11920
5853
167
11927
3394
10496
12621
13730
3524
9556
13051
11746
5426
8353
5811
5504
13801
10188
1948
2470
5808
2874
4713
12992
8801
5712
15030
2169
11904
7037
14262
8148
2709
10301
11577
14482
15118
2989
6079
6060
2396
3773
13797
6848
10832
9290
2422
12311
2681
8928
14616
9461
2352
8084
152
6764
5379
14382
7978
4961
6741
9315
3567
4470
936
6828
14255
2218
8089
15045
10322
10013
15138
354
13644
4621
3730
9008
4792
9864
4958
12781
53
8358
4327
6054
6045
14502
9382
11808
892
8190
10792
9263
4252
1285
12243
615
2047
1603
14922
14526
4097
5963
9663
6964
7806
14235
11782
5639
9366
2292
7262
2354
4962
9014
5292
8945
12119
10954
2110
7482
741
13423
1754
1723
7755
12650
2635
3946
11917
14018
9218
9006
12186
7371
7853
2517
13719
7136
6649
13528
2046
12155
11317
8826
14436
3228
9761
8298
14680
6732
13293
11685
13533
6029
5422
11211
13316
4758
12962
10650
5980
12256
14360
8262
2208
5390
341
13467
1573
10231
9700
6814
656
726
6443
13922
3377
3957
8037
14967
4780
14796
12980
7363
2506
399
3093
10326
5756
5298
126
2164
9618
4919
2125
277
11382
9861
12658
11968
10632
8194
9804
6125
1423
10799
13464
65
1916
9859
7926
5574
3875
3225
427
2353
609
11677
12995
4896
1501
14242
12561
10640
14514
9084
761
5524
5819
13201
9199
10389
9425
7476
3809
13853
10244
5964
11953
8151
10168
9076
7368
13967
13100
1765
12157
12986
8170
9384
8067
9418
10876
11836
7768
13636
13380
8734
14336
10211
590
1546
4688
8428
10219
4110
9574
13052
5810
13295
12617
10282
13647
13762
2797
8024
8403
9772
14921
8361
5572
5140
11830
6687
3072
4739
12604
4409
6639
2570
12046
7402
470
1731
6661
8785
14817
4906
14200
6217
8885
14665
10204
12689
691
3444
9255
5598
9678
14638
3636
13563
3270
4803
13335
4165
14658
12208
11574
1582
307
1545
9071
11972
10744
9716
12481
1345
5293
7627
5501
13090
10941
8622
12737
13554
4371
13253
4464
3592
6502
3458
5256
10815
5877
5455
6078
5503
4689
6240
62
3314
11669
1311
4319
11985
1002
7727
127
13427
4006
2609
3724
14901
11517
1533
14074
14021
1163
4514
9698
13870
2843
3702
649
2996
10272
1697
8635
3251
4562
12613
14195
5761
3771
12317
8513
2958
10498
12050
12628
8655
11403
11372
60
14893
86
7254
10434
6365
3491
137
3299
6588
6151
14126
13745
5176
2378
829
13497
8638
5388
9830
4230
11720
2331
11503
12801
14137
13027
1122
4907
3083
11995
5014
871
10507
12683
13945
7671
1181
5643
11635
4756
3840
14127
4485
1954
3121
2227
8777
4902
12146
6617
14705
9433
5538
3421
589
9728
14495
550
4614
5255
2427
3390
11136
4800
10916
9695
12631
12173
12027
6257
799
9216
7641
4062
9969
2918
1885
169
6051
1523
9643
14682
6546
12888
6870
5687
14431
10002
2986
85
14602
13935
3608
3112
5560
9190
11209
240
812
14764
14784
4173
2752
3645
2633
7606
3739
10842
9260
82
12226
591
11058
10731
6691
15159
14563
15005
8996
10348
12728
10442
7433
9192
5774
10625
4001
3616
12537
6624
2069
12512
12470
14273
2640
350
5949
5803
316
8204
91
14589
11552
6198
8449
11633
2606
5537
2727
8572
5399
6944
2291
12917
10091
12346
11046
14321
768
5316
1577
4482
14536
5993
1294
10369
7354
6516
13198
2735
2014
3893
9970
15062
13424
11185
1923
9654
7986
10734
10725
631
3439
13350
7015
13522
8678
3403
14889
1854
6667
9999
14143
12579
13560
6053
4931
7175
7065
13263
6705
11342
7702
6454
11749
1932
10051
1242
12861
14139
3446
1256
5362
8269
7851
3240
12826
11070
4885
10633
9519
8001
10652
8838
8729
6985
8993
4932
6875
4025
392
12222
12976
6155
14835
13829
8766
12260
4966
12396
8994
8591
5713
13388
13648
10970
9736
14034
6758
2471
8896
8454
5654
11295
6770
1261
12594
7823
1992
11984
13066
1817
14919
352
1976
5844
7152
12721
9455
6780
665
13996
14689
1633
7758
13077
11631
9955
9469
11758
14445
14594
6153
2231
1758
14145
13261
5280
14940
1289
12435
11331
12975
13020
5578
14823
13775
2823
9589
15134
1645
5098
9482
11506
13268
7040
201
2523
9886
11876
9994
7610
14330
3429
15169
2056
13959
12289
401
2791
12162
7915
8539
11742
12103
6325
7149
6376
13180
4243
1169
3317
9329
14064
5142
2554
14344
3876
6206
3016
5498
2384
9490
379
8545
5449
4428
5234
14557
11068
8694
12870
6412
12926
1974
5726
12773
8537
7048
9127
10512
11496
9284
8378
8129
5300
11990
9092
9583
5802
14560
3169
5203
4526
366
12600
1594
3436
9214
3539
10755
10264
6272
10489
11478
5861
4832
8916
9052
1137
10126
1651
13502
3676
11441
3063
13285
10829
7760
11568
7513
4600
11958
8695
6810
11546
11752
4177
5113
1153
9479
1396
1598
10729
9301
12984
2374
14573
14637
1207
12725
8043
908
14046
573
7454
5835
2495
13230
14220
3719
7960
13327
13374
10915
1435
11133
7771
6925
4250
8363
9114
7670
5258
3275
405
78
14343
12874
9575
10304
3973
9179
1353
5929
2062
11443
5656
4900
13404
8717
12233
1075
2956
8790
6762
5750
10374
3802
5062
513
4064
10989
6295
474
3243
8315
8558
7628
12705
12293
12606
14996
3941
1527
2865
10910
14714
6021
14537
5554
10531
3868
15208
13106
13705
3123
11044
14023
5870
6144
2116
9811
14934
10855
8088
8399
13190
3843
14599
2099
11474
13228
6068
8964
2772
5926
1460
3457
3383
12876
2759
2683
14404
14381
8182
571
8827
1718
11543
7693
2499
3522
12258
931
5721
5669
3477
12232
11321
3413
9815
15115
4993
5253
14304
14327
8331
4537
3703
5464
802
5078
8344
10166
8631
14737
6406
7113
8604
13178
2040
14630
14998
9357
120
13581
7216
9352
960
12597
7691
14931
6970
13315
17
1683
611
614
14899
12420
8829
7
13655
14667
9691
8109
13903
10057
269
14059
3987
12716
8713
14631
11444
13608
12383
11142
12645
2448
9038
7457
3333
2760
6176
8004
10298
12525
2199
2395
10501
11448
4419
2639
6085
3625
3914
6832
12247
4641
14769
5919
6476
6201
5544
10456
2753
5049
13381
5229
8414
3239
13110
4671
7288
10502
3899
586
13836
6627
9070
11860
5224
3302
13557
11101
3221
6692
5615
12804
4198
5366
10158
7751
6507
5153
12562
8525
5698
12158
3264
8822
6371
6024
7769
6041
2032
5561
10537
13340
15004
9661
7261
1886
7336
11864
1186
7801
10919
11043
8046
11408
11951
12786
1689
6072
8507
11455
1047
1173
1184
6255
14461
8802
6415
3964
12170
12397
15007
6779
12169
14604
970
11352
12133
14941
1859
1315
4462
12113
11184
4500
9860
7467
15121
13973
13220
4316
14877
12859
4364
6823
10780
14690
3081
5381
3945
12172
9120
209
2328
6473
4904
13835
8691
7653
9459
11778
13282
11453
3061
14328
3318
2088
10201
14816
13976
13993
8704
8457
10491
8193
9094
5200
8839
10901
14716
12083
4593
11674
4544
2268
14938
7204
4129
389
10071
10516
13367
10279
1085
8909
8570
8772
10345
6515
4494
10052
3812
2265
2675
9347
12221
13760
5064
8168
8667
7504
9850
6183
2485
9899
9576
14452
2670
13211
6973
2855
12928
14595
8910
5041
13831
14845
5663
12389
1237
4917
5378
2452
131
7550
13488
4095
913
5812
56
5652
776
2701
14905
5604
11879
2938
12152
4000
8848
3870
14188
4019
13888
10686
1987
13530
7554
1074
6719
353
1445
4353
6668
1827
3558
8649
7073
3871
3113
10895
15067
1869
12482
3494
2287
6102
11718
5131
11957
5329
11222
3209
3103
5830
12106
7781
2568
3572
13456
9997
933
11926
14830
9173
2379
148
11157
1246
4151
7517
1563
1940
11723
5301
12656
5040
13186
8792
9159
10580
10648
11356
3984
8517
15002
6080
9073
8274
1193
4422
11409
13523
4452
8592
9275
12234
11100
13107
1087
5358
729
7465
3568
1109
4547
6202
4337
12549
1036
9293
12759
13972
9722
5765
10122
13022
6004
13439
12291
4112
5668
1292
2927
3372
1234
9671
4914
4104
10379
12945
12929
5197
6428
5867
11687
1681
1833
4736
12288
8147
7499
9251
13074
715
4541
10198
7428
14494
4302
3148
11843
12524
9429
12009
7991
12803
2004
782
8185
3384
6105
14162
3924
4905
3620
8701
6409
13352
7067
4096
7285
12409
5076
5944
5705
1939
9979
8093
415
13555
288
2100
7301
2607
4466
4264
8231
4205
9434
330
9242
1830
2540
9872
3098
2157
4508
12203
6268
14641
3443
8658
1877
13334
7407
2825
3799
5439
4910
5257
6895
6501
10839
939
14504
7031
6174
1179
1597
11080
1164
5708
3517
2694
11094
3427
9471
13169
9118
5749
3109
13704
14320
4163
11469
11792
7857
11452
6899
14073
4519
6462
9389
1344
10022
1646
5778
10136
7983
2307
13134
1867
340
12135
349
143
2057
9688
12784
6604
5277
7682
14974
12450
10667
13461
8672
13258
8174
1227
813
7232
3956
13933
5180
13064
10756
12156
13078
12626
14995
4881
3642
4088
13531
6122
4132
10608
7268
4631
2102
12615
8689
13204
13054
9702
5976
11519
3435
10788
5596
9933
6765
820
14111
2143
12629
5317
9278
11216
1178
2160
1517
6318
1138
11275
1879
4308
14193
7789
8349
10297
1905
7920
150
8598
3263
14446
14814
12322
10214
2201
4141
5516
13739
13553
2660
11138
10362
9942
6385
88
1812
7062
9675
9150
5467
11490
12091
445
12702
10069
2698
10202
7774
7586
8477
6
7828
3399
1452
12802
8072
5645
2465
6459
3938
3615
12883
14708
7487
1471
7030
5278
9708
9852
1453
11417
77
9874
14426
10476
2424
7027
1990
10581
1064
1078
8245
2137
11595
1219
1203
14266
119
12698
14249
7258
8859
15088
7205
5954
2080
1027
7196
13455
5907
3217
9878
7887
6304
14476
1593
14063
7333
14606
7264
5297
11049
11870
10787
9372
8764
11195
5046
9322
14080
14019
6364
2498
13105
2767
8771
6834
12118
3367
2477
14187
5871
2182
13465
9715
14775
11491
7757
12502
593
2323
5854
12651
8450
6207
13252
3206
3762
1223
1466
765
2811
3926
10289
948
8946
3847
4182
3744
13889
8811
13596
299
14044
703
3049
6942
6717
6824
3040
2026
11183
11297
10619
13498
5401
1441
11026
8609
13651
13331
5978
12309
5311
4069
6349
1467
9265
8402
3402
8126
2321
3638
10597
13785
1449
14555
5857
13318
8177
6273
8550
13182
6245
2572
13117
6400
5827
5252
4760
8586
6193
9724
3734
613
10741
13820
2676
8630
9752
13643
8540
11657
14693
11022
8301
6916
10613
10409
4571
9814
12384
4745
8577
9908
659
9637
6596
3839
8720
190
1141
14175
12857
5382
3042
796
2098
801
11823
13152
9029
11789
10174
14062
390
3236
9500
12267
1337
12307
3848
14428
12296
5489
12680
7361
7937
1307
13948
5882
12544
1342
6329
2907
1736
8100
6111
2326
2091
897
6112
14091
6087
7794
5648
3570
8919
4237
8923
2127
6597
10563
13672
4946
10312
189
3766
6510
14349
6874
7994
9351
4747
911
2150
11016
14205
5863
9840
11477
14356
10587
4051
6722
7934
12682
13042
5499
2409
12252
5494
1097
14
13780
428
959
7379
6432
10352
3576
5829
9166
11615
534
11639
11650
5928
6186
10310
15010
1061
10511
6835
13166
13515
1726
1334
7159
1743
5069
11063
8856
5374
1795
13606
1365
8459
11801
6036
14727
15196
1776
15024
11141
14141
4351
7183
9604
8625
14620
13276
9765
7106
10384
1094
8860
2282
10999
14367
8719
1190
9507
472
5132
10103
467
626
7166
6861
4099
7722
6496
83
11050
6672
7051
4748
282
2614
10674
7141
13929
10101
8880
9431
14927
13986
9532
5136
8594
1918
7240
11666
13409
7311
14370
11374
8836
3417
3412
66
128
1007
634
2008
7956
3241
8543
11301
1060
12573
4152
10753
6165
3470
8387
4515
14416
5677
9941
1180
1720
